-6.455578704005736
-25.27388644574848
-2.233313337545832
5.374905988936111
-22.54434096965832
-31.348972182756707
4.402420126371884
1.8807651722345884
-13.410077152600797
-37.662418019297114
5.0970695213279456
1.1861157783699596
-12.013178210262048
-21.92419422289091
5.7917189289246584
0.4914663769618947
-6.110791904905879
-18.70841071017387
3.002674421246369
3.2805108824409235
-28.446727282121234
-28.13318866555292
7.191464647309966
-0.9082793392854023
-13.1195630137879
-15.774917620896503
1.2608274525160403
1.88076514821193
-13.410077156391079
-12.529676789851772
-1.1861157967518188
1.1861157532306663
0.5531924046153269
-6.216230955382012
2.6501262749401713
9.916244332795422
-18.677162522770914
-28.133188668171492
6.144267083264437
6.422103526098595
-12.393977206261429
-31.274781326559367
5.097069544329285
1.1861157692715285
-9.395328056197124
0.13286108584976072
-0.1389182782194489
6.422104002212921
-12.313052941930444
-25.249252466493175
1.8252871795361472
1.3163054656005033
-3.3949103307432607
-34.44100795493747
8.368851872382328
4.197518741140959
-28.3037837828444
-18.716694835607534
0.908279068891451
5.374905619836441
-15.535569871210546
-15.849108480167862
1.9554768827920064
7.469301080040196
-15.737413169270132
-9.557639046573144
-0.13891780363407405
-3.0026738562553894
-12.81968829440357
0.11651123485199368
4.966879842682473
1.3163054550905418
-12.81968828735169
-25.016229991773066
5.227259237423426
1.055926087047952
-12.595820521057764
-6.150324220960063
7.191464992560662
-0.908279944572313
-16.26115568112286
-40.90765884820709
5.449617680486672
-2.3080250304514713
-8.871585550035022
-28.341288233057647
1.6029287321780352
1.5386639395079016
-25.386058908978562
-6.16667407080726
1.0384689949326005
-1.0384690050129313
-18.849555917790838
-31.256508968159977
5.245067920434242
2.0686979977994064
-15.454645590335947
-3.0250814197320004
2.8724847562248836
3.410700568740833
-28.82752628582632
-9.357823608954138
-0.8335675986332601
7.116752940179152
-9.97797036454292
-18.782601569991346
1.6029287435534372
4.680256587113761
-15.45464558563259
-21.87463734177883
1.0384689945599244
5.244716296955185
-3.1415926533687237
-12.235878782539272
-0.6023924168550726
9.627680808716631
-24.879423549992165
-3.0250814171955844
9.155670033591685
3.4107005731512836
-5.439478759665405
-15.671269445422112
9.28585976580504
3.280510873084832
-7.539347874501008
-18.840833833220803
1.9554768898244057
4.327708208628812
-18.005849372198533
-28.23764005885272
0.9082792842603086
-0.9082793110152358
-12.819688299282204
-6.399696538825252
0.778089621589687
2.3635030314214007
-12.313052939881953
-37.81562307810329
-0.008728565948529927
3.1503211936553237
-18.005849383232633
-15.671269443371274
3.002674451324605
3.2805108892411257
-1.8854300934986032
-6.291907395770816
-1.1861156849616517
4.327708033938021
-8.58107140968265
-28.23764005913708
0.9082793283333527
5.3749059692906105
-18.596238240510775
-40.72419326651825
0.7780896645709551
5.50509565977054
-15.961280948557938
-25.016229995008384
3.1328641505654566
3.1503211871933106
-16.261155667926413
-12.633324967374973
3.6973238381312394
5.7274541382366735
-32.67208907100962
-3.15031474278418
7.191464680739971
2.2333134703726296
-14.451800729361874
-31.407204446714154
3.0026743367534166
3.2805114021738433
-13.119563016392991
-6.216230954751046
0.21362990048672664
6.069555384119616
-31.44537643435482
-15.575102182116172
1.9554771884853317
4.3277095951250475
-5.729992920571444
-9.491732314345464
3.697323831782292
5.727454138640653
-23.24731110447537
-18.85827801041671
4.049872006780085
5.3749060800942745
-23.247311131254076
-25.14146331650734
-0.1389183397145538
-3.0026740796747844
-16.261155672722197
-18.916510273118874
0.2136298913412961
9.211148018904197
-12.536920709861539
-9.55763904667289
5.097069477674863
4.327708304621798
-31.588319929280118
-12.707515835076174
4.049871973861915
5.374905990650134
-31.96911892021494
-9.35782360684344
1.2608274859815862
5.022357825673791
-11.722664100798267
-18.8128620947661
1.9554768661389277
4.32770842940587
-35.11071157405437
-3.208547007233229
2.650126240575341
6.774651688681533
-25.305134622197507
-6.424330521315929
-0.13891821711903643
3.2805108627809587
-28.101940492409028
-6.1420400911351045
7.191464627376935
5.374905978189664
-13.119563001015484
-31.348972181347634
-1.880765184829182
1.8807651767002636
-24.28903469373823
-28.311027707228718
-1.1861158040438662
10.61089374163919
-5.729992901659539
-9.491732313640785
-0.49146638059643555
3.633059031410324
-6.455578712824913
-37.55796663583926
-0.13891823810632492
6.422103541087876
-6.110791907389569
-6.142040095226799
5.097069518371164
1.18611580170252
-15.678513367698013
-9.557639046508573
-3.2805113818498812
6.422102522691494
-9.171460298505245
-15.824474510191248
-1.3163054394003082
4.457898106911744
-18.596238259484966
-40.72419325442724
5.22725918884614
7.33911141266793
-3.1710425503647333
-3.2744537393532744
4.049872766228524
-0.908278883058556
-24.960347823234436
-15.849108478422412
1.9554768790273627
1.1861157643143723
-31.44537643517881
-12.433509528575843
3.0026743169867744
3.2805103489313754
-0.2533176752235251
-18.733044687548716
4.966879814402944
1.3163054695025387
-6.029867630042827
-22.10765980439338
-1.0559260657627312
4.197518738791807
0.029449907035781722
-24.999880142746942
4.0498715083092724
2.233313605589255
-3.694785050755151
-22.05810292708968
5.4496176789080675
3.97516028029687
-5.729992902309429
-31.34897218373757
4.744521376205387
1.538663941312847
-12.313052932213816
-40.95721573430115
1.0384690222039226
2.103123645547739
-12.566370610515255
-19.084569037050453
3.858929505834474
-5.376599520211521
-22.24446625067095
-9.541289198429144
6.0140773914821795
3.4107005759830447
-6.8363777085678645
-40.77375014350573
-0.8335675997863912
0.8335676360529575
-12.013178210911493
-15.64100891688186
1.6029287409538573
4.680256608003019
-9.678095640590415
-25.01622999458473
1.038468968381841
-1.0384690024942327
-37.69911184150934
-9.619398707962814
5.702651458604687
4.185991255164763
-12.313052944596755
-15.824474503619022
2.8724847398066364
0.26910790623565406
-22.834855111063284
-12.603064439731977
3.002674433026622
0.13891822969401155
-27.018171332531818
-12.575092701676732
5.097069542116719
-1.9554766071332725
-16.551669811058282
-25.096047405104784
7.191464634036864
-0.9082793235560375
-9.678095636151758
-18.733044684557324
7.061274929369827
-0.7780896370327384
-0.2533176667089819
-9.308266723069941
-0.008728516906843002
0.00872852568325327
-5.439478782055859
-28.237640055454825
3.002674439279717
3.2805108774475835
-27.018171339215872
-18.858278009930185
5.09706965478454
4.327708869570579
-22.834855123213686
-12.529676790465075
7.1914646427585005
-0.908279306763715
-15.45464558770957
-15.824474503810261
7.061274961149194
2.363503015358881
-18.596238244272513
-15.824474504019692
3.1328641264096135
0.008728538204638502
-13.119563011697895
-31.482880889233464
3.697323814565112
5.727454140288147
-8.168615415977026
-15.699241179269103
4.049871964992975
2.2333134415061733
-29.530496435175056
-21.9998706637684
3.00267442119932
0.13891820054738702
-22.544340977932126
-25.06578687709994
6.49681522826102
-0.2136299345874231
-18.879005827312994
-34.4246581033692
1.9554766321210326
4.327707978355739
-6.8363776994536085
-28.341288236291685
6.838916478266194
2.5858614691762987
-16.964125802657435
-25.12401913890327
4.049871879288046
14.799683942990406
1.2561625643714092
-21.99987066271638
-0.13891824786944898
3.280510593635326
-22.54434098312526
-12.633324965656623
6.4968152382421005
2.927962726426088
-25.16219112841566
-15.575102181990502
1.9554767250808696
4.327708330683077
